[root@Labs5610 ar]# snmpnetstat -v 2c -Ci -c Leitura 172.16.1.1
Name      Mtu Network     Address    Ipkts Ierrs Opkts Oerrs Queue
Fa0/0    1500                            0     0     0     0     0
Fa0/1    1500                            0     0     0     0     0
Fa1/0    1500                            0     0     0     0     0
Fa1/1    1500                            0     0     0     0     0
Fa1/2    1500                            0     0     0     0     0
Fa1/3    1500                            0     0     0     0     0
Fa1/4    1500                            0     0     0     0     0
Fa1/5    1500                            0     0     0     0     0
Fa1/6    1500                            0     0     0     0     0
Fa1/7    1500                            0     0     0     0     0
Fa1/8    1500                            0     0     0     0     0
Fa1/9    1500                            0     0     0     0     0
Fa1/10   1500                            0     0     0     0     0
Fa1/11   1500                            0     0     0     0     0
Fa1/12   1500                            0     0     0     0     0
Fa1/13   1500                            0     0     0     0     0
Fa1/14   1500                            0     0     0     0     0
Fa1/15   1500                            0     0     0     0     0
Nu0      1500                            0     0     0     0     0
Vl1      1500 172.16.1/24 172.16.1.1  1178     0  1183     0     0
Vl10     1500 10.0.0/24   10.0.0.1      61     0    39     0     0
Vl20     1500 172.20.0/24 172.20.0.1    47     0    29     0     0

